# 潜力释放条件相关性分析（自动生成）

生成时间：2026-04-19 16:19:24

## 一、载体级指标（n = 165）相关系数（皮尔森）

```
	CMI	OAI	THI	MI	POI_500m	Rating_500m	Review_500m
CMI	 1.000	 0.173	 0.086	-0.495	-0.031	 0.048	 0.114
OAI	 0.173	 1.000	 0.165	-0.440	 0.069	 0.145	 0.041
THI	 0.086	 0.165	 1.000	 0.682	 0.693	 0.859	 0.506
MI	-0.495	-0.440	 0.682	 1.000	 0.538	 0.597	 0.332
POI_500m	-0.031	 0.069	 0.693	 0.538	 1.000	 0.423	 0.360
Rating_500m	 0.048	 0.145	 0.859	 0.597	 0.423	 1.000	 0.266
Review_500m	 0.114	 0.041	 0.506	 0.332	 0.360	 0.266	 1.000
```

## 二、镇街级指标（n = 7）相关系数（皮尔森）

```
	POI_Total	Material_Count	NH_Total	CMI_mean	OAI_mean	THI_mean	MI_mean
POI_Total	 1.000	-0.475	 0.372	 0.040	 0.693	 0.314	 0.037
Material_Count	-0.475	 1.000	 0.065	 0.584	 0.029	 0.426	 0.157
NH_Total	 0.372	 0.065	 1.000	-0.323	 0.289	 0.660	 0.782
CMI_mean	 0.040	 0.584	-0.323	 1.000	 0.227	 0.113	-0.493
OAI_mean	 0.693	 0.029	 0.289	 0.227	 1.000	 0.702	 0.242
THI_mean	 0.314	 0.426	 0.660	 0.113	 0.702	 1.000	 0.758
MI_mean	 0.037	 0.157	 0.782	-0.493	 0.242	 0.758	 1.000
```

## 三、物质遗产 vs 非遗 与 POI 的相关性对比

- Material_Count ~ POI_Total (镇街): **r = -0.475**
- NH_Total ~ POI_Total (镇街)       : **r = 0.372**
- 结论：当前数据下非遗数量与 POI 总量的相关性不低于物质遗产，需结合具体片区讨论（详见正文 5.2 节）。

## 四、A 级景区副产品（n = 16）

| 指标对 | Pearson | Spearman |
|--------|--------:|---------:|
| level_score ~ rating | 0.319 | 0.522 |
| level_score ~ review_count | 0.546 | 0.554 |
| level_score ~ positive_rate | 0.206 | 0.230 |
| rating ~ review_count | 0.270 | 0.392 |

注：A 级评定样本量较小（n = 16），以上系数仅作为副产品参考。正文以 POI 评分与评论热度作为代理变量。