# 潜力释放条件相关性分析（自动生成）

生成时间：2026-05-13 12:44:33

## 一、载体级指标（n = 165）相关系数（皮尔森）

```
	CMI	OAI	THI	MI	POI_500m	Rating_500m	Review_500m
CMI	 1.000	 0.264	 0.011	-0.585	-0.089	-0.005	 0.029
OAI	 0.264	 1.000	 0.146	-0.461	-0.019	 0.121	 0.127
THI	 0.011	 0.146	 1.000	 0.684	 0.446	 0.865	 0.738
MI	-0.585	-0.461	 0.684	 1.000	 0.387	 0.601	 0.486
POI_500m	-0.089	-0.019	 0.446	 0.387	 1.000	 0.241	 0.351
Rating_500m	-0.005	 0.121	 0.865	 0.601	 0.241	 1.000	 0.427
Review_500m	 0.029	 0.127	 0.738	 0.486	 0.351	 0.427	 1.000
```

## 二、镇街级指标（n = 7）相关系数（皮尔森）

```
	POI_Total	Material_Count	NH_Total	CMI_mean	OAI_mean	THI_mean	MI_mean
POI_Total	 1.000	-0.603	 0.457	 0.039	-0.485	 0.453	 0.405
Material_Count	-0.603	 1.000	 0.100	-0.058	 0.487	 0.117	 0.014
NH_Total	 0.457	 0.100	 1.000	-0.573	 0.344	 0.907	 0.871
CMI_mean	 0.039	-0.058	-0.573	 1.000	-0.816	-0.609	-0.777
OAI_mean	-0.485	 0.487	 0.344	-0.816	 1.000	 0.300	 0.424
THI_mean	 0.453	 0.117	 0.907	-0.609	 0.300	 1.000	 0.966
MI_mean	 0.405	 0.014	 0.871	-0.777	 0.424	 0.966	 1.000
```

## 三、物质遗产 vs 非遗 与 POI 的相关性对比

- Material_Count ~ POI_Total (镇街): **r = -0.603**
- NH_Total ~ POI_Total (镇街)       : **r = 0.457**
- 结论：当前数据下非遗数量与 POI 总量的相关性不低于物质遗产，需结合具体片区讨论（详见正文 5.2 节）。

## 四、A 级景区副产品（n = 16）

| 指标对 | Pearson | Spearman |
|--------|--------:|---------:|
| level_score ~ rating | 0.319 | 0.522 |
| level_score ~ review_count | 0.546 | 0.554 |
| level_score ~ positive_rate | 0.206 | 0.230 |
| rating ~ review_count | 0.270 | 0.392 |

注：A 级评定样本量较小（n = 16），以上系数仅作为副产品参考。正文以 POI 评分与评论热度作为代理变量。